$ANSIBLE_VAULT;1.1;AES256
34336265323761343539303934623937636464373561303564396366666337616331336266656330
3132613334666265343938313738366633363930366133620a323831623933353466396339616564
31633735633034383432333866623731623366333338373236383463383433633361336165306132
3232336164363539640a663735663032333531366430623538656161323336383363303466386332
36633332303964343939356430353535366435633766636338373066646231323462653437383034
62343565336439353861646665393266346162323438336133383861396663623230373261313039
35306338376166656631356164353532333139393761373139333063363165383566653439316434
39623538373837353062343435376461616432333461386362666663666264323936306434376638
33353032323038653434373330366436663932336233393737616538613365336163646363363437
64336234386132643736383061633335393936646437333161363934653735316564386666666261
38326663656464396666643264633835326264363564656437623630353766356438303436353161
36626339323232613162666562326233626464323064336336303230653138306638373833656333
32323362343934373538646632633232663235323365633631613537646461343338363131386134
63396139643537326164643065306565373133626132363436316162636466303036656530623337
37363534363731313132383734343835336435346364363530386330306638363733663164633463
64373539626263326364353863306135366634373361656233323730636239313261623538313230
61633165626461383636313965363138303433333262386534626230616432346363643333646332
63663361346535326462663966396638356162393664386362333564656537316264613232613639
35643865633562663161616665356333383163373131646133643265373532643837363662336465
62346362623466356136313031623466636439663234303034343930393637366435633334363137
37306237316634646465383666323435383930653934643334396236356332636637393139623066
6263363135353165353232376161323166343831663235316237
